,text_name,n_paragraphs,lande_intra
0,cognition.txt,5,[-1.24162862  1.3260767  -1.08590119  0.59881678  0.40263634]
1,piaget_etapas.txt,10,"[-2.69937148  0.87107278 -0.23353507 -0.22577932  0.45341623  0.68187033
 -0.12605173 -0.06567039  0.31485315  1.02919548]"
2,philo.txt,12,"[ 1.28927543  0.64679138 -1.12389548 -2.16507483  1.24328324  0.8181506
 -1.03439784 -0.08100807 -0.46974383  0.09030719  0.65689534  0.12941689]"
3,cat.txt,16,"[-1.95147796 -1.36292941 -0.26609842 -0.4567024  -1.01418195  0.42171788
  1.59839753  2.06547624  0.44619275  0.66451068 -0.15905375  0.59275589
 -0.86632007  0.12634201  0.42015632 -0.25878534]"
4,biology.txt,14,"[ 1.05026327  0.67789992 -0.21492999  0.26106748  1.10447163  0.75292959
  0.6500912   0.35579949 -1.82329365 -2.25431641  0.89629164 -0.69995389
 -0.3512466  -0.40507368]"
5,economic_course.txt,13,"[ 1.63595251  0.96341991  0.52709129  1.50185889  0.85261421  0.0396252
 -0.52521961 -0.86711272  0.18627981 -1.55490568 -0.69867037 -1.17454894
 -0.88638451]"
6,micro_ec.txt,31,"[ 2.09851006e+00  1.45366737e+00 -7.95934511e-02 -7.44297316e-01
 -1.44402778e-01 -1.13585950e+00 -1.15452309e+00 -4.99625388e-01
  8.84488744e-02  2.13194900e+00  7.84422788e-04  1.24425408e+00
  9.42339361e-01 -8.37475304e-01 -1.90362528e+00 -1.56954044e-01
  6.87526881e-01  1.46042515e+00  1.07258791e+00 -7.01246628e-01
 -4.60145367e-02  4.22363883e-01 -3.10205472e-01 -7.53481359e-01
 -7.25882571e-01 -1.30755025e-01 -5.21065191e-01  6.52128266e-01
 -1.12092862e+00 -1.44137474e+00  1.52325022e-01]"
7,fotosintesis.txt,14,"[-2.6958402  -0.31233433  0.85924034  1.47632856  0.44267272 -0.28428408
  0.71031202  0.77217402  0.83749117  0.12869785  0.0782892  -0.30651192
 -0.67169614 -1.03453921]"
8,machine_learning.txt,20,"[-1.51414765 -0.44743772 -0.28543097  1.70923601  1.41703847  1.66933634
 -0.51807496 -0.97500354 -0.14313488 -0.31860907 -0.70605175 -2.03821891
 -0.63293345  0.71115252  0.35408256 -0.677252    0.95233427  0.99222583
  0.56614023 -0.11525133]"
9,coffe.txt,7,"[-1.41389835  1.48646022 -0.7968998  -1.01738195  0.5981203   0.33775463
  0.80584494]"
